idx,0,1,2,3,4,5,6,7,8,9,10
1,9.906044923363843e-16,9.906044923363843e-16,9.906044923363843e-16,0.0001756523877729126,0.002304852670403435,0.5468487899751304,0.38261483432652565,0.06706048664560123,0.0009599722869821248,3.541170758023586e-05,9.906044923363843e-16
2,1.6853206252682163e-15,1.6853206252682163e-15,1.6853206252682163e-15,0.001434915282481709,0.008650812212400542,0.2265118805014914,0.6387028928786304,0.10716417596557745,0.017443392836139306,9.193032327241563e-05,1.6853206252682163e-15
3,7.898415311338518e-16,7.898415311338518e-16,7.898415311338518e-16,0.00027235371136478975,0.00023091743021426582,0.4775173816398001,0.48628850385505495,0.03528705666784417,0.00037556433416669377,2.8222361551756966e-05,7.898415311338518e-16
4,7.898415311338518e-16,7.898415311338518e-16,7.898415311338518e-16,0.00027235371136478975,0.00023091743021426582,0.4775173816398001,0.48628850385505495,0.03528705666784417,0.00037556433416669377,2.8222361551756966e-05,7.898415311338518e-16
5,1.6853206252682163e-15,1.6853206252682163e-15,1.6853206252682163e-15,0.001434915282481709,0.008650812212400542,0.2265118805014914,0.6387028928786304,0.10716417596557745,0.017443392836139306,9.193032327241563e-05,1.6853206252682163e-15
6,8.959778214858728e-16,8.959778214858728e-16,8.959778214858728e-16,0.00010071993596553509,0.0031174085520068798,0.5383236692555714,0.4213937667451611,0.03642351666226441,0.0006088945539419775,3.202429508510633e-05,8.959778214858728e-16
7,1.0814102156975423e-15,1.0814102156975423e-15,1.0814102156975423e-15,0.00022258895907946352,0.00026412645831798095,0.9319177609827495,0.053159577486727845,0.00965266699763307,0.004744822321274799,3.845679421304104e-05,1.0814102156975423e-15
8,9.906044923363843e-16,9.906044923363843e-16,9.906044923363843e-16,0.0001756523877729126,0.002304852670403435,0.5468487899751304,0.38261483432652565,0.06706048664560123,0.0009599722869821248,3.541170758023586e-05,9.906044923363843e-16
9,1.3056799526217961e-15,1.3056799526217961e-15,1.3056799526217961e-15,0.0005002608614262695,0.006925693986434059,0.08145408300641185,0.7998451952340737,0.09766613669783228,0.013420393509116547,0.00018823670470008528,1.3056799526217961e-15
10,7.840350997423327e-15,7.840350997423327e-15,7.840350997423327e-15,0.0037360665463810876,0.003987889264849141,0.1618379745195061,0.5562143421646226,0.26910739788626536,0.00428907067344267,0.0008272589449016825,7.840350997423327e-15
11,6.828013729240375e-16,6.828013729240375e-16,6.828013729240375e-16,0.0007455177403412274,0.0006748672585363098,0.0866720971242814,0.7989333179787813,0.11094010484777385,0.001285863616826602,0.0007482314334565325,6.828013729240375e-16
12,1.4439307175936948e-15,1.4439307175936948e-15,1.4439307175936948e-15,7.56712642632196e-05,0.03474544029123827,0.10324547576270936,0.35671766331523264,0.49293511679306873,0.012218842619864579,6.178995361729254e-05,1.4439307175936948e-15
13,1.2405712628515089e-15,1.2405712628515089e-15,1.2405712628515089e-15,0.00013752115175216608,0.0007221457513105217,0.049745773823431635,0.3719183684612839,0.3566217951326063,0.22063388643729326,0.00022050924231713606,1.2405712628515089e-15
14,3.0792188438538145e-16,3.0792188438538145e-16,3.0792188438538145e-16,8.822357388174459e-05,0.00037024734836273436,0.9246190851527956,0.07303840906405283,0.0013612591756141871,0.0005092312109772255,1.3544474314769233e-05,3.0792188438538145e-16
15,4.261175109211437e-16,4.261175109211437e-16,4.261175109211437e-16,2.2649807512407564e-05,0.0001538847979215422,0.004509381319680631,0.9405036684381642,0.052865090893584855,0.0017579141117132567,0.00018741063142126165,4.261175109211437e-16
16,8.369609301592291e-16,8.369609301592291e-16,8.369609301592291e-16,4.433281726497525e-05,0.017992605726713174,0.916957477063307,0.05598919758419518,0.008332442972165994,0.0006542467106455751,2.9697125704812164e-05,8.369609301592291e-16
17,4.364457221298136e-15,4.364457221298136e-15,4.364457221298136e-15,0.0028072404382830643,0.009669163615565262,0.03893281187427564,0.3068135399804101,0.2894606248875433,0.3418550075806197,0.010461611623285441,4.364457221298136e-15
18,1.1453453281299177e-15,1.1453453281299177e-15,1.1453453281299177e-15,6.0576676969317325e-05,0.0019769724668050334,0.30114202448750915,0.6489099038698832,0.0470093678799687,0.00038175741035750485,0.0005193972085024475,1.1453453281299177e-15
19,1.6661090927556423e-15,1.6661090927556423e-15,1.6661090927556423e-15,8.887124075217537e-05,0.0043034123235187495,0.3294899796726938,0.6138727549746931,0.05138934309870751,0.000796112596552204,5.952609307598354e-05,1.6661090927556423e-15
20,4.364457221298136e-15,4.364457221298136e-15,4.364457221298136e-15,0.0028072404382830643,0.009669163615565262,0.03893281187427564,0.3068135399804101,0.2894606248875433,0.3418550075806197,0.010461611623285441,4.364457221298136e-15
21,7.515521045334195e-16,7.515521045334195e-16,7.515521045334195e-16,3.8354166312898124e-05,0.0010533638101789381,0.019804482609859387,0.7182584246972803,0.2580102401164046,0.0028084766624141824,2.665793754668054e-05,7.515521045334195e-16
22,1.4195788224567685e-15,1.4195788224567685e-15,1.4195788224567685e-15,0.00020520606455824394,0.0012310052985808854,0.0690331245451236,0.1323341498933205,0.7896321662786526,0.007103298263331529,0.0004610496564269866,1.4195788224567685e-15
23,1.0245617288946987e-15,1.0245617288946987e-15,1.0245617288946987e-15,0.0005136697513380393,0.13417248435227858,0.5093428307279173,0.3524591793439695,0.002857530294112597,0.0006177190175062904,3.658651287347825e-05,1.0245617288946987e-15
24,1.0836307170663163e-15,1.0836307170663163e-15,1.0836307170663163e-15,0.00017459328955486518,0.09010644016048523,0.27586691009467235,0.1638610889689295,0.4688644408980942,0.0009596113421607885,0.00016691524609893332,1.0836307170663163e-15
25,1.125743543910626e-16,1.125743543910626e-16,1.125743543910626e-16,1.6535518829463218e-05,9.416580092594364e-05,0.014133144994992231,0.9850829583981635,0.0006359917464321135,2.985849940791585e-05,7.345041248449357e-06,1.125743543910626e-16
26,7.240799311757967e-16,7.240799311757967e-16,7.240799311757967e-16,0.000140381722212813,0.0006387507891364203,0.07794261375461618,0.13764070321111024,0.7824771110276381,0.0010488572401837896,0.00011158225509967045,7.240799311757967e-16
27,3.5302217863619554e-16,3.5302217863619554e-16,3.5302217863619554e-16,1.8871336896837816e-05,0.0014655860803878217,0.011369969760104615,0.2631347832206009,0.7235342146062506,0.0004624946075279282,1.4080388229936682e-05,3.5302217863619554e-16
28,7.657922664613411e-16,7.657922664613411e-16,7.657922664613411e-16,5.739032278371147e-05,0.0033055117549767176,0.024846824417420397,0.8642308144568783,0.10660829483780238,0.0008385575324858708,0.0001126066776495443,7.657922664613411e-16
29,9.680035506982854e-16,9.680035506982854e-16,9.680035506982854e-16,5.134951118436681e-05,0.0004259503346197141,0.0018600982034047335,0.2452555505915502,0.7402216161320203,0.012016848055639491,0.0001685871715773451,9.680035506982854e-16
30,8.221230561775001e-16,8.221230561775001e-16,8.221230561775001e-16,0.0008999492855252874,0.018701751720734718,0.01750435169661816,0.8975372440000841,0.06240439723795704,0.0021829300702645733,0.0007693759888129961,8.221230561775001e-16
31,1.115431191188923e-15,1.115431191188923e-15,1.115431191188923e-15,0.07107695713707787,0.3044652755556654,0.2885312454170024,0.058580697241354965,0.2714742213201071,0.0058109867362198505,6.061659256799741e-05,1.115431191188923e-15
32,7.548711500440569e-16,7.548711500440569e-16,7.548711500440569e-16,4.0195572286200414e-05,0.00016031995910607762,0.020218951950234192,0.907803314007694,0.059449418552096095,0.012295122950153836,3.267700842662767e-05,7.548711500440569e-16
33,6.26561230162753e-16,6.26561230162753e-16,6.26561230162753e-16,8.81573673686424e-05,0.00028215607016990985,0.10127356606056577,0.6805496430676649,0.21678892657893037,0.0009929936518546833,2.455720344317583e-05,6.26561230162753e-16
34,1.2675867802720532e-15,1.2675867802720532e-15,1.2675867802720532e-15,0.00010168450801602985,0.02589004877437871,0.5733993291139511,0.34111505639589584,0.05813858524401077,0.0013099789753040925,4.531698843844595e-05,1.2675867802720532e-15
35,5.398539522831679e-16,5.398539522831679e-16,5.398539522831679e-16,0.00012931719663024526,0.00037766943704241253,0.002376203272424302,0.9405208095244405,0.03601222402755794,0.020344268820849803,0.00023950772105244624,5.398539522831679e-16
36,4.196049122530709e-16,4.196049122530709e-16,4.196049122530709e-16,2.2073351844445692e-05,0.001973895841962236,0.4868527774491205,0.5088910654765841,0.0021242442977489786,0.0001210932541715939,1.4850328566516183e-05,4.196049122530709e-16
37,2.1946255843237357e-16,2.1946255843237357e-16,2.1946255843237357e-16,1.538914178844655e-05,0.0006887772632318701,0.01342900191038998,0.9339032709631732,0.0518463510477307,9.657462439099807e-05,2.0635049294140572e-05,2.1946255843237357e-16
38,3.209424517024845e-15,3.209424517024845e-15,3.209424517024845e-15,0.0004891494720071023,0.0017649883500992427,0.8972710841752912,0.029798229616089945,0.02084709626408938,0.04964489198539181,0.00018456013701866644,3.209424517024845e-15
39,3.209424517024845e-15,3.209424517024845e-15,3.209424517024845e-15,0.0004891494720071023,0.0017649883500992427,0.8972710841752912,0.029798229616089945,0.02084709626408938,0.04964489198539181,0.00018456013701866644,3.209424517024845e-15
40,2.1724636565362608e-15,2.1724636565362608e-15,2.1724636565362608e-15,0.0016742915898279097,0.002560921876397925,0.6708487583382259,0.17843617437318057,0.14426030646018081,0.0021341982404477888,8.534912173025154e-05,2.1724636565362608e-15
41,1.8799075596280626e-15,1.8799075596280626e-15,1.8799075596280626e-15,0.0014488221274815403,0.0022141544134111806,0.7618452576126872,0.1886508088891448,0.043788953156581246,0.00197914924392456,7.285455676209707e-05,1.8799075596280626e-15
42,1.1543845645716564e-15,1.1543845645716564e-15,1.1543845645716564e-15,0.001554971013280337,0.0036204297915434077,0.3186611723199327,0.6697515772777952,0.00585682679289525,0.0005137627371515062,4.126006739679964e-05,1.1543845645716564e-15
43,5.252697469800541e-16,5.252697469800541e-16,5.252697469800541e-16,2.808173013407243e-05,0.0004473916839725531,0.06540333627404278,0.8775876679560409,0.056177687996829186,0.00033722011370836293,1.8614245269894193e-05,5.252697469800541e-16
44,9.54300715276731e-16,9.54300715276731e-16,9.54300715276731e-16,5.1002442726786334e-05,0.0010196212271397045,0.10813324756585586,0.8680296798632297,0.022121270574518757,0.0006112194537522997,3.395887277337248e-05,9.54300715276731e-16
45,5.233212830804657e-16,5.233212830804657e-16,5.233212830804657e-16,2.7950611469425703e-05,0.0002646202589784482,0.016994433654155768,0.8099436768484812,0.172043737531161,0.000706869988420575,1.8711107331459534e-05,5.233212830804657e-16
46,6.39637118176122e-16,6.39637118176122e-16,6.39637118176122e-16,3.7795074947912324e-05,0.000568767078785442,0.9260638631637944,0.0694689503696122,0.0036100100985703544,0.0002198725989894534,3.074161529790109e-05,6.39637118176122e-16
47,6.627245419261122e-16,6.627245419261122e-16,6.627245419261122e-16,0.00024954643946567805,0.0010985933221543944,0.9300365777313091,0.0645811459008904,0.0037744355906259392,0.0002278500374359492,3.1850978115849506e-05,6.627245419261122e-16
48,1.1543845645716564e-15,1.1543845645716564e-15,1.1543845645716564e-15,0.001554971013280337,0.0036204297915434077,0.3186611723199327,0.6697515772777952,0.00585682679289525,0.0005137627371515062,4.126006739679964e-05,1.1543845645716564e-15
49,1.0767383621630114e-15,1.0767383621630114e-15,1.0767383621630114e-15,0.0009350594595793815,0.005132160555558285,0.027976913786808947,0.7977330345904456,0.1671822424426942,0.001002144360687462,3.8444804222029507e-05,1.0767383621630114e-15
50,7.454313968495209e-16,7.454313968495209e-16,7.454313968495209e-16,0.00011167673603569571,0.0022201137225331307,0.35735195211672294,0.6147323745639667,0.017190384600214843,0.008367028325005509,2.6469935518267613e-05,7.454313968495209e-16
51,1.0872948384701836e-15,1.0872948384701836e-15,1.0872948384701836e-15,0.00010193084569276019,0.0006529864684882498,0.012072255435242664,0.8066997175207875,0.1586312929890729,0.02166009406466321,0.00018172267604845996,1.0872948384701836e-15
52,1.1151668840368376e-15,1.1151668840368376e-15,1.1151668840368376e-15,5.8915280589935585e-05,0.0039559726513105535,0.04166354343707828,0.6211037100123132,0.32509307969613804,0.008084994141490033,3.9784781075291885e-05,1.1151668840368376e-15
53,1.0304672730514767e-15,1.0304672730514767e-15,1.0304672730514767e-15,0.000138481403005266,0.0009645300595710123,0.033656698792001394,0.5652930383693612,0.3977797938395941,0.0021309071707574416,3.6550365705472335e-05,1.0304672730514767e-15
54,7.648587794443657e-16,7.648587794443657e-16,7.648587794443657e-16,0.0002149205569136095,0.002434584204967508,0.2084288325768646,0.5476633770992143,0.2406163104606168,0.000608906835303525,3.306826611671668e-05,7.648587794443657e-16
55,5.386466895880512e-16,5.386466895880512e-16,5.386466895880512e-16,2.873847850421961e-05,0.00850478408560884,0.004615617116191086,0.9664030364157244,0.019704241435805337,0.0007243812126037446,1.920125555999853e-05,5.386466895880512e-16
56,4.980396269931446e-16,4.980396269931446e-16,4.980396269931446e-16,0.00018711716910612457,0.003852268436012387,0.024643932679491578,0.9503648953423425,0.020648186792746596,0.00028578743617716055,1.7812144121621292e-05,4.980396269931446e-16
57,6.726972637050004e-16,6.726972637050004e-16,6.726972637050004e-16,3.580940990737373e-05,0.00044047958906077273,0.629072523250128,0.3683924356639825,0.0014766889078586727,0.0005580075425840887,2.4055636475865535e-05,6.726972637050004e-16
58,1.5262476248399483e-15,1.5262476248399483e-15,1.5262476248399483e-15,7.821664911197797e-05,0.058582335976862264,0.4058290257862101,0.5185948042798921,0.016378754348465273,0.0004713178127477837,6.55451467044031e-05,1.5262476248399483e-15
59,1.2185423826822395e-15,1.2185423826822395e-15,1.2185423826822395e-15,0.00044920249750121476,0.0033061115514547417,0.1754882517182169,0.38601070456957987,0.40244213813783974,0.03223707962891225,6.65118964902855e-05,1.2185423826822395e-15
60,5.56930087279061e-16,5.56930087279061e-16,5.56930087279061e-16,0.000633718915360968,0.0004015556696055954,0.9823845695705159,0.003147635958678717,0.0027859227740187065,0.010626724331473512,1.9872780344398368e-05,5.56930087279061e-16
61,6.726972637050004e-16,6.726972637050004e-16,6.726972637050004e-16,3.580940990737373e-05,0.00044047958906077273,0.629072523250128,0.3683924356639825,0.0014766889078586727,0.0005580075425840887,2.4055636475865535e-05,6.726972637050004e-16
62,9.663793442842595e-16,9.663793442842595e-16,9.663793442842595e-16,4.9666766767103114e-05,0.0012174718389624856,0.9122345619122565,0.04931034013899515,0.0365837824706864,0.0004999585947860656,0.000104218277542161,9.663793442842595e-16
63,1.5262476248399483e-15,1.5262476248399483e-15,1.5262476248399483e-15,7.821664911197797e-05,0.058582335976862264,0.4058290257862101,0.5185948042798921,0.016378754348465273,0.0004713178127477837,6.55451467044031e-05,1.5262476248399483e-15
64,1.3940957513452355e-15,1.3940957513452355e-15,1.3940957513452355e-15,7.443463478870416e-05,0.0037293765084425285,0.09012251985142637,0.7432045885688473,0.16149449098576896,0.0013093605668849848,6.52288838355871e-05,1.3940957513452355e-15
65,5.266874596193396e-16,5.266874596193396e-16,5.266874596193396e-16,2.7975224193834188e-05,0.0033855932833006842,0.911981339681557,0.08032114902549371,0.004029193153864182,0.00023600076221373288,1.874886937452797e-05,5.266874596193396e-16
66,5.176655299561357e-16,5.176655299561357e-16,5.176655299561357e-16,2.7306430547447865e-05,0.0002630155105296491,0.0014236255145505777,0.9760878573633127,0.0116522140026104,0.010425184420255371,0.00012079675819210343,5.176655299561357e-16
67,1.2624938439469764e-15,1.2624938439469764e-15,1.2624938439469764e-15,0.00014248375428780772,0.025059283495209327,0.7595188960288657,0.20394585328897782,0.010766836985009843,0.0005168441575962703,4.980229004832107e-05,1.2624938439469764e-15
68,1.8744252845101505e-15,1.8744252845101505e-15,1.8744252845101505e-15,0.00010022987888241309,0.006264572985903999,0.02692476727866723,0.4650715573978184,0.48242053106797966,0.019035750054421815,0.0001825913363190662,1.8744252845101505e-15
69,2.6512400568010753e-16,2.6512400568010753e-16,2.6512400568010753e-16,5.938810513511321e-05,0.0009010932354238052,0.17686374450352238,0.8168195539682251,0.005168988421097535,0.000177940539255389,9.291227339564828e-06,2.6512400568010753e-16
70,2.537132831034604e-16,2.537132831034604e-16,2.537132831034604e-16,1.3578304428978844e-05,5.894238220861796e-05,0.7057549221593719,0.2933129334325646,0.0007767462903414664,7.380095967012655e-05,9.076471413121686e-06,2.537132831034604e-16
71,2.300304735655261e-16,2.300304735655261e-16,2.300304735655261e-16,1.3608728016403412e-05,0.0010666323033307551,0.2035843944505951,0.794800638268795,0.00047064685931534893,5.587595172664166e-05,8.203438219812086e-06,2.300304735655261e-16
72,1.4877682631198096e-15,1.4877682631198096e-15,1.4877682631198096e-15,0.0001663924860348846,0.005348204524744384,0.059346933339769564,0.8795355858952064,0.05452447975197535,0.0010252119317132574,5.319207055004409e-05,1.4877682631198096e-15
73,1.0203526119813131e-15,1.0203526119813131e-15,1.0203526119813131e-15,0.015341620496723692,0.028430606420055272,0.8886355520389847,0.046283070179112464,0.02040555016789993,0.0005542201263616256,0.0003493805708583615,1.0203526119813131e-15
74,1.8744252845101505e-15,1.8744252845101505e-15,1.8744252845101505e-15,0.00010022987888241309,0.006264572985903999,0.02692476727866723,0.4650715573978184,0.48242053106797966,0.019035750054421815,0.0001825913363190662,1.8744252845101505e-15
75,2.6512400568010753e-16,2.6512400568010753e-16,2.6512400568010753e-16,5.938810513511321e-05,0.0009010932354238052,0.17686374450352238,0.8168195539682251,0.005168988421097535,0.000177940539255389,9.291227339564828e-06,2.6512400568010753e-16
76,8.712033316714875e-16,8.712033316714875e-16,8.712033316714875e-16,0.00010572197291330928,0.0046770321024614675,0.004301111567298649,0.11987253955844063,0.3726305580174001,0.49785594862100885,0.0005570881604734511,8.712033316714875e-16
77,2.075169394781143e-15,2.075169394781143e-15,2.075169394781143e-15,0.00013235413628632326,0.44420676751034077,0.007297128694819509,0.3230779815050008,0.17797358378331415,0.046899050204824835,0.0004131341654051017,2.075169394781143e-15
78,5.625909509359609e-16,5.625909509359609e-16,5.625909509359609e-16,3.0018398527226678e-05,0.00013774693667423474,0.4225048256323489,0.5686035950811461,0.0073392757601022495,0.0013524289462696528,3.210924492937118e-05,5.625909509359609e-16
79,5.107024987093816e-16,5.107024987093816e-16,5.107024987093816e-16,0.00010343001354287299,0.07543575982522274,0.8805585302678747,0.041774147081470744,0.0019195343013939264,0.0001830539645607278,2.5544545932170193e-05,5.107024987093816e-16
80,4.746488197948216e-16,4.746488197948216e-16,4.746488197948216e-16,2.5386586636778885e-05,0.0003389452033722938,0.0019772392126335032,0.21310686576029236,0.7833672456122545,0.0011622111878328836,2.2106436975661633e-05,4.746488197948216e-16
81,4.0514197458553756e-16,4.0514197458553756e-16,4.0514197458553756e-16,8.375908987928801e-05,0.00013733847672958542,0.02226952060712959,0.9722877656744368,0.004571896630982497,0.0006352741539662763,1.4445366874410337e-05,4.0514197458553756e-16
82,6.209959588183345e-16,6.209959588183345e-16,6.209959588183345e-16,0.00010306229726238361,0.0002003623600362934,0.7046098174655119,0.2933047493027602,0.0015418495225716874,0.00021795221367997765,2.2206838175039107e-05,6.209959588183345e-16
83,6.208851740368629e-16,6.208851740368629e-16,6.208851740368629e-16,9.294513134435621e-05,0.0008434131373835501,0.09905183380490105,0.8963561989934397,0.003027211525222709,0.0006062187209679288,2.2178686738547807e-05,6.208851740368629e-16
84,1.9773579820898618e-16,1.9773579820898618e-16,1.9773579820898618e-16,1.1000978182695576e-05,0.0015851062456844621,0.9950024421245243,0.0012843366335407924,0.0014413331990785231,0.0006460130603417048,2.9767758646772137e-05,1.9773579820898618e-16
85,1.6135434179469838e-16,1.6135434179469838e-16,1.6135434179469838e-16,8.984167456580495e-06,0.0015202690432004986,0.9963633534074267,0.0010355865854234452,0.0003368656617838876,0.0007106622812079061,2.4278853500154202e-05,1.6135434179469838e-16
86,3.4893780419905666e-16,3.4893780419905666e-16,3.4893780419905666e-16,1.9409512523031194e-05,0.0007918946337713061,0.995718901267674,0.0022210512916812633,0.0005034981629102461,0.0006927418480589522,5.250328337981369e-05,3.4893780419905666e-16
87,7.214730126341783e-16,7.214730126341783e-16,7.214730126341783e-16,0.00010024721238092768,0.0011594662514463293,0.18356051401326148,0.8094014144392161,0.005543331789883023,0.00019295730293144211,4.206899087787805e-05,7.214730126341783e-16
88,1.9773579820898618e-16,1.9773579820898618e-16,1.9773579820898618e-16,1.1000978182695576e-05,0.0015851062456844621,0.9950024421245243,0.0012843366335407924,0.0014413331990785231,0.0006460130603417048,2.9767758646772137e-05,1.9773579820898618e-16
89,1.6135434179469838e-16,1.6135434179469838e-16,1.6135434179469838e-16,8.984167456580495e-06,0.0015202690432004986,0.9963633534074267,0.0010355865854234452,0.0003368656617838876,0.0007106622812079061,2.4278853500154202e-05,1.6135434179469838e-16
90,3.4893780419905666e-16,3.4893780419905666e-16,3.4893780419905666e-16,1.9409512523031194e-05,0.0007918946337713061,0.995718901267674,0.0022210512916812633,0.0005034981629102461,0.0006927418480589522,5.250328337981369e-05,3.4893780419905666e-16
91,2.757645440911014e-16,2.757645440911014e-16,2.757645440911014e-16,1.471929133232422e-05,0.00010500648310123454,0.9279665647383494,0.0709659910773917,0.0008575198311215888,8.033721628072082e-05,9.8613624219594e-06,2.757645440911014e-16
92,1.1707699902585648e-15,1.1707699902585648e-15,1.1707699902585648e-15,0.00015903941061417345,0.0004227048686651501,0.00737369773679067,0.18504419357199017,0.6306512313050887,0.13988662384905168,0.03646250925779493,1.1707699902585648e-15
93,6.563108473888172e-16,6.563108473888172e-16,6.563108473888172e-16,8.928029605627377e-05,0.00023746091183740058,0.003869306990531059,0.17482841060573712,0.769665509787559,0.047108661773430247,0.004201369634846242,6.563108473888172e-16
94,6.9534601435045595e-16,6.9534601435045595e-16,6.9534601435045595e-16,4.450558398572462e-05,0.0005770703084544416,0.08065582844398178,0.7682459333587551,0.13546086349967684,0.014953252261174223,6.254654396920468e-05,6.9534601435045595e-16
95,9.961895131797204e-16,9.961895131797204e-16,9.961895131797204e-16,0.00026181939547854894,0.0006223759188928395,0.5814554533159553,0.4118126163431209,0.005506756750241757,0.0003053509141213703,3.562736218540128e-05,9.961895131797204e-16
96,1.4955834371704983e-16,1.4955834371704983e-16,1.4955834371704983e-16,3.0837783081157566e-05,0.0002506486421699106,0.9944084232058652,0.004001601519952063,0.000464285225241024,0.0008371273136389767,7.076310051046384e-06,1.4955834371704983e-16
97,9.5052245670733e-16,9.5052245670733e-16,9.5052245670733e-16,0.002958489489045629,0.0007820582543526216,0.6598778349138352,0.22147948255941532,0.11202449008101026,0.002452064458831615,0.00042558024350569006,9.5052245670733e-16
98,7.821416280274827e-16,7.821416280274827e-16,7.821416280274827e-16,0.23170289037252095,0.002537569902333998,0.506692612365509,0.25195175780076023,0.006218159485323938,0.0006012318334132259,0.0002957782401355067,7.821416280274827e-16
99,1.4955834371704983e-16,1.4955834371704983e-16,1.4955834371704983e-16,3.0837783081157566e-05,0.0002506486421699106,0.9944084232058652,0.004001601519952063,0.000464285225241024,0.0008371273136389767,7.076310051046384e-06,1.4955834371704983e-16
100,1.830933356195533e-15,1.830933356195533e-15,1.830933356195533e-15,0.00014663239735867898,0.0007793969821777232,0.14232866604357405,0.7318194920721967,0.12425948199510671,0.0006008382180900257,6.549229148883917e-05,1.830933356195533e-15
101,2.4627748920855478e-15,2.4627748920855478e-15,2.4627748920855478e-15,0.0012720560710369564,0.0029260805457928265,0.14482663633683773,0.6703040137683269,0.17876522697039637,0.0018180004583079115,8.79858492913905e-05,2.4627748920855478e-15
102,2.9806494589800233e-16,2.9806494589800233e-16,2.9806494589800233e-16,1.5855528861769228e-05,0.00019025172143314034,0.9299129443786448,0.06899841532788342,0.0007487518513111251,0.00012312303114030555,1.0658160724190157e-05,2.9806494589800233e-16
103,8.570189963964035e-16,8.570189963964035e-16,8.570189963964035e-16,0.0001756159271697564,0.00024173712983432608,0.5568285060981026,0.43154713746490214,0.010746648249423955,0.00042973993702577354,3.061519353788811e-05,8.570189963964035e-16
104,1.830933356195533e-15,1.830933356195533e-15,1.830933356195533e-15,0.00014663239735867898,0.0007793969821777232,0.14232866604357405,0.7318194920721967,0.12425948199510671,0.0006008382180900257,6.549229148883917e-05,1.830933356195533e-15
105,3.576986894107978e-16,3.576986894107978e-16,3.576986894107978e-16,8.799547329423585e-05,0.00020482362777108257,0.013872878423360654,0.9733153834628763,0.012060127998382405,0.00044616676142732387,1.2624252886510233e-05,3.576986894107978e-16
106,2.4627748920855478e-15,2.4627748920855478e-15,2.4627748920855478e-15,0.0012720560710369564,0.0029260805457928265,0.14482663633683773,0.6703040137683269,0.17876522697039637,0.0018180004583079115,8.79858492913905e-05,2.4627748920855478e-15
107,3.067008616165297e-15,3.067008616165297e-15,3.067008616165297e-15,0.0006338908399993337,0.0010162928115569976,0.2297937622244804,0.6290793746078465,0.1383255769903849,0.0010418949443945966,0.000109207581324836,3.067008616165297e-15
108,3.067008616165297e-15,3.067008616165297e-15,3.067008616165297e-15,0.0006338908399993337,0.0010162928115569976,0.2297937622244804,0.6290793746078465,0.1383255769903849,0.0010418949443945966,0.000109207581324836,3.067008616165297e-15
109,3.9486755413988887e-16,3.9486755413988887e-16,3.9486755413988887e-16,2.1123659480153074e-05,0.002477671255678565,0.038311989207363194,0.95184291020103,0.006874891904313202,0.0004574338464413545,1.3979925691879217e-05,3.9486755413988887e-16
110,9.421127091068049e-16,9.421127091068049e-16,9.421127091068049e-16,0.001034009858265892,0.0002917259881573934,0.9292391822377923,0.03375815134369624,0.03203159482635174,0.0036116784534341137,3.365729229853477e-05,9.421127091068049e-16
111,2.499915391961658e-16,2.499915391961658e-16,2.499915391961658e-16,5.16014975354623e-05,0.0003906120082524335,0.6228241056316475,0.3749466711355812,0.0016498227230035717,0.00012624809152896355,1.0938912449662066e-05,2.499915391961658e-16
112,1.7322270180373526e-16,1.7322270180373526e-16,1.7322270180373526e-16,1.391142210003256e-05,8.162033884128457e-05,0.9831712468122455,0.015304579762527984,0.0013778763194000026,4.3149639751349786e-05,7.615705132897701e-06,1.7322270180373526e-16
113,6.807890410392062e-16,6.807890410392062e-16,6.807890410392062e-16,3.641597698871719e-05,0.0006333760667367479,0.5820645720488716,0.40696641800521494,0.009487160952083337,0.0007436125144319186,6.844443567002071e-05,6.807890410392062e-16
114,6.807890410392062e-16,6.807890410392062e-16,6.807890410392062e-16,3.641597698871719e-05,0.0006333760667367479,0.5820645720488716,0.40696641800521494,0.009487160952083337,0.0007436125144319186,6.844443567002071e-05,6.807890410392062e-16
115,1.75683681680882e-15,1.75683681680882e-15,1.75683681680882e-15,0.0060634513227880125,0.1493346307962183,0.6527352593591662,0.1255023310386154,0.06493185788419747,0.0013698870042988592,6.258259470867464e-05,1.75683681680882e-15
116,1.340004921812787e-15,1.340004921812787e-15,1.340004921812787e-15,8.364380182884285e-05,0.003953236686194307,0.18609102483270865,0.7677477509208995,0.04057468381220665,0.001501921181367263,4.7738764789408875e-05,1.340004921812787e-15
117,1.3305510392922248e-15,1.3305510392922248e-15,1.3305510392922248e-15,0.0002555487678878643,0.00032397161091255063,0.010847778516329152,0.4870295710014326,0.4973685654218473,0.004129020365050964,4.554431653419612e-05,1.3305510392922248e-15
118,1.7322270180373526e-16,1.7322270180373526e-16,1.7322270180373526e-16,1.391142210003256e-05,8.162033884128457e-05,0.9831712468122455,0.015304579762527984,0.0013778763194000026,4.3149639751349786e-05,7.615705132897701e-06,1.7322270180373526e-16
119,2.795119750922823e-16,2.795119750922823e-16,2.795119750922823e-16,2.2467951510019332e-05,0.0008644294805799984,0.977642474754693,0.020313905475519423,0.001074643656524253,6.978893636679247e-05,1.2289744805432326e-05,2.795119750922823e-16
120,1.0048577397346048e-15,1.0048577397346048e-15,1.0048577397346048e-15,5.3349233006419816e-05,0.009282132766369989,0.6874301739774686,0.2945230532437072,0.008352097931456984,0.00029494582387192117,6.424702411476986e-05,1.0048577397346048e-15
121,4.124893053172912e-15,4.124893053172912e-15,4.124893053172912e-15,0.00022021118255133307,0.0029037664287559556,0.5928156008554151,0.27320408969108656,0.09981970454574575,0.030822853220724717,0.00021377407570413257,4.124893053172912e-15
122,4.3814206524659405e-16,4.3814206524659405e-16,4.3814206524659405e-16,0.0005462926392368992,0.00206627854606939,0.028178451159741432,0.9476889389564886,0.021005652549613098,0.000452544697594266,6.184145125461732e-05,4.3814206524659405e-16
123,1.0929427563748336e-15,1.0929427563748336e-15,1.0929427563748336e-15,0.00012438048903890412,0.06118699403637387,0.592460645272785,0.3225136249881091,0.023140261449133566,0.0005351126704872945,3.898109406805011e-05,1.0929427563748336e-15
124,2.8795940030172654e-16,2.8795940030172654e-16,2.8795940030172654e-16,0.0001330805837660189,0.0002217627488665409,0.032907828681815604,0.9558824401225615,0.010423785090081817,0.0004196115576397068,1.1491215267767086e-05,2.8795940030172654e-16
125,1.199469995198233e-15,1.199469995198233e-15,1.199469995198233e-15,0.00010310081421359722,0.0003657925800320481,0.02132238518826322,0.37699571620504363,0.5932932319903845,0.007771287748107743,0.00014848547395062724,1.199469995198233e-15
126,1.6118922938721248e-15,1.6118922938721248e-15,1.6118922938721248e-15,0.001411834743658617,0.0009930011272994,0.31913717761082055,0.6382583888010519,0.03709875781257994,0.002329880428322485,0.0007709594762605345,1.6118922938721248e-15
127,1.663980759186701e-15,1.663980759186701e-15,1.663980759186701e-15,0.00010951170521051453,0.0013212192790567983,0.07268378258307664,0.8833710211473992,0.040702845894047934,0.0017521434075114595,5.9475983690972275e-05,1.663980759186701e-15
128,1.410999937305849e-15,1.410999937305849e-15,1.410999937305849e-15,7.542082600575765e-05,0.0004776096079495447,0.07722481189598411,0.8760144430863352,0.022449473472083953,0.023701951992638116,5.628911899778741e-05,1.410999937305849e-15
129,1.2737022313930441e-15,1.2737022313930441e-15,1.2737022313930441e-15,6.807841428591147e-05,0.00044426628903294457,0.07262009063760828,0.9018710916510172,0.019360977026199773,0.005584684599256285,5.0811382594707074e-05,1.2737022313930441e-15
130,1.718809225650482e-15,1.718809225650482e-15,1.718809225650482e-15,0.008429340434132087,0.0015157574668624853,0.10654378318257,0.1017354496470198,0.7780575348878547,0.0035520711907528523,0.00016606319080122886,1.718809225650482e-15
131,1.663980759186701e-15,1.663980759186701e-15,1.663980759186701e-15,0.00010951170521051453,0.0013212192790567983,0.07268378258307664,0.8833710211473992,0.040702845894047934,0.0017521434075114595,5.9475983690972275e-05,1.663980759186701e-15
132,1.360286240911237e-15,1.360286240911237e-15,1.360286240911237e-15,7.278415081149354e-05,0.006870123242692701,0.6911736399668544,0.2944319407715383,0.006778386454473087,0.0005891348636864613,8.399054993836972e-05,1.360286240911237e-15
133,7.85541126030158e-16,7.85541126030158e-16,7.85541126030158e-16,0.00016242332075018694,0.00034120750983172783,0.27442008983336397,0.7204176811179022,0.003348877554295017,0.0007798200779545532,0.0005299005858992251,7.85541126030158e-16
134,6.029209198761066e-16,6.029209198761066e-16,6.029209198761066e-16,5.006335807920727e-05,0.0002309181049361767,0.31207122197572057,0.6844184093177499,0.0029454635975645917,0.00020273167666901265,8.119196927814725e-05,6.029209198761066e-16
135,2.4167140990386594e-16,2.4167140990386594e-16,2.4167140990386594e-16,4.996225239521728e-05,0.00012641842282568895,0.00906571896868869,0.9883734996164816,0.0014667711261507875,0.0009035902334788068,1.4039379978395371e-05,2.4167140990386594e-16
136,9.113193608016615e-16,9.113193608016615e-16,9.113193608016615e-16,9.109789723227883e-05,0.000563328451087608,0.24155288517387147,0.3752876605295517,0.38135204033120085,0.0008985992981924233,0.00025438831886012746,9.113193608016615e-16
137,4.0623169914810826e-16,4.0623169914810826e-16,4.0623169914810826e-16,3.172318519065534e-05,0.000280655464546051,0.9941473727518607,0.002439764434053534,0.0007430657045701449,0.002259395140594454,9.802331918283425e-05,4.0623169914810826e-16
138,1.2887715194587183e-15,1.2887715194587183e-15,1.2887715194587183e-15,6.890347205715666e-05,0.0006023118321348657,0.08074606397410482,0.6606568272404227,0.2562303251786027,0.0016310857095722068,6.448259310020752e-05,1.2887715194587183e-15
139,2.912642510132033e-15,2.912642510132033e-15,2.912642510132033e-15,0.00019505534189701772,0.0014364248547021315,0.17749300127403844,0.31177633813402905,0.44422477635952334,0.06308621735605856,0.0017881866797396107,2.912642510132033e-15
140,1.0817485088320182e-15,1.0817485088320182e-15,1.0817485088320182e-15,0.001095721251762617,0.021538639719735946,0.524381002072476,0.3735362816223843,0.0784641934313081,0.0009455010850299567,3.8660817298861495e-05,1.0817485088320182e-15
141,4.0623169914810826e-16,4.0623169914810826e-16,4.0623169914810826e-16,3.172318519065534e-05,0.000280655464546051,0.9941473727518607,0.002439764434053534,0.0007430657045701449,0.002259395140594454,9.802331918283425e-05,4.0623169914810826e-16
142,1.705400170310187e-15,1.705400170310187e-15,1.705400170310187e-15,9.097383080286854e-05,0.002769672411467475,0.03164086611128998,0.6353333587396898,0.30502801454682227,0.025043335891688525,9.377846823240453e-05,1.705400170310187e-15
143,1.9664866239527697e-15,1.9664866239527697e-15,1.9664866239527697e-15,0.0021547548560061445,0.001476020003489702,0.1413839833161266,0.7077958086704753,0.14149204409467092,0.004832890551629365,0.000864498507593929,1.9664866239527697e-15
144,1.660699496921415e-15,1.660699496921415e-15,1.660699496921415e-15,8.705506016911486e-05,0.021387111921098444,0.11669204824148986,0.6366941678959305,0.2237707097416213,0.0013096999411586242,5.920719852540421e-05,1.660699496921415e-15
145,8.098677164385732e-16,8.098677164385732e-16,8.098677164385732e-16,4.260904996180163e-05,0.0002945581345771267,0.02999903863169394,0.8973665277942842,0.06973086904942773,0.0025376176504288217,2.8779689623232248e-05,8.098677164385732e-16
146,9.461265760996083e-16,9.461265760996083e-16,9.461265760996083e-16,5.017574459906074e-05,0.0006134293945145405,0.24667192572351868,0.7424492390907143,0.009491630951893811,0.0006898489531405076,3.37501416153223e-05,9.461265760996083e-16
147,1.266828360452173e-15,1.266828360452173e-15,1.266828360452173e-15,0.00013028501374930636,0.20846853657705963,0.6391929303548185,0.11558853640157828,0.03570255125766196,0.0008720575804916031,4.510281463569434e-05,1.266828360452173e-15
148,1.693285804940335e-15,1.693285804940335e-15,1.693285804940335e-15,0.00043422945453677357,0.000818478728720807,0.01458688690634344,0.34776455436092857,0.5786354970682644,0.057668186471925516,9.216700927368847e-05,1.693285804940335e-15
149,3.702897236711675e-16,3.702897236711675e-16,3.702897236711675e-16,6.0212324699160936e-05,0.0004307860798795318,0.7483147391057339,0.24862054691894095,0.002098908704841483,0.00046156341840080094,1.3243447502830702e-05,3.702897236711675e-16
150,8.475373141958612e-16,8.475373141958612e-16,8.475373141958612e-16,6.979354486026808e-05,0.0012957156557991325,0.1054974846943511,0.5901968183889759,0.29849637676809515,0.004407615508931633,3.6195438983480766e-05,8.475373141958612e-16
151,1.6655955123996422e-15,1.6655955123996422e-15,1.6655955123996422e-15,0.00016656265491665035,0.0003565651451917501,0.7342260388367888,0.22604765039174335,0.03786583089888782,0.001232892170411661,0.00010445990205323091,1.6655955123996422e-15
152,3.702897236711675e-16,3.702897236711675e-16,3.702897236711675e-16,6.0212324699160936e-05,0.0004307860798795318,0.7483147391057339,0.24862054691894095,0.002098908704841483,0.00046156341840080094,1.3243447502830702e-05,3.702897236711675e-16
153,1.212073425521396e-15,1.212073425521396e-15,1.212073425521396e-15,6.447857763931491e-05,0.000791104316812233,0.0370031020629117,0.6984135394470017,0.2630302483671709,0.0006542242360931405,4.3302992366191534e-05,1.212073425521396e-15
154,1.5047431622187702e-15,1.5047431622187702e-15,1.5047431622187702e-15,0.00010921147811813363,0.2595140278999022,0.32103254010704674,0.23279425341901488,0.18451926812591662,0.001966455591705874,6.424337828948852e-05,1.5047431622187702e-15
155,1.1824876420004328e-15,1.1824876420004328e-15,1.1824876420004328e-15,0.0049170784725051245,0.0003475061296117834,0.45253791168587765,0.46222768501613376,0.07952128470319239,0.000406233158737774,4.230083393671246e-05,1.1824876420004328e-15
156,1.1824876420004328e-15,1.1824876420004328e-15,1.1824876420004328e-15,0.0049170784725051245,0.0003475061296117834,0.45253791168587765,0.46222768501613376,0.07952128470319239,0.000406233158737774,4.230083393671246e-05,1.1824876420004328e-15
157,1.4281706425827649e-15,1.4281706425827649e-15,1.4281706425827649e-15,8.226991422088565e-05,0.0003746500033348215,0.002720984663412959,0.7553680145540075,0.20633770218667252,0.03435938452013369,0.0007569941582117203,1.4281706425827649e-15
158,3.2874837048484066e-15,3.2874837048484066e-15,3.2874837048484066e-15,0.00033162325734024424,0.000993769574790724,0.03429763622993638,0.3546904754333203,0.593986873634468,0.015384730705267273,0.00031489116486395065,3.2874837048484066e-15
159,3.2874837048484066e-15,3.2874837048484066e-15,3.2874837048484066e-15,0.00033162325734024424,0.000993769574790724,0.03429763622993638,0.3546904754333203,0.593986873634468,0.015384730705267273,0.00031489116486395065,3.2874837048484066e-15
160,1.4281706425827649e-15,1.4281706425827649e-15,1.4281706425827649e-15,8.226991422088565e-05,0.0003746500033348215,0.002720984663412959,0.7553680145540075,0.20633770218667252,0.03435938452013369,0.0007569941582117203,1.4281706425827649e-15
161,4.822437262440653e-16,4.822437262440653e-16,4.822437262440653e-16,7.741800285157149e-05,0.0003414239366760804,0.921310098644667,0.06347483959883046,0.014602126090659232,0.0001701191487611025,2.3974577552481973e-05,4.822437262440653e-16
162,9.011065962206252e-16,9.011065962206252e-16,9.011065962206252e-16,0.00010606592948384686,0.023735724438561385,0.6379499456240921,0.3095743937662646,0.027989040383670602,0.0005452608845773425,9.956897334643026e-05,9.011065962206252e-16
163,1.1824876420004328e-15,1.1824876420004328e-15,1.1824876420004328e-15,0.0049170784725051245,0.0003475061296117834,0.45253791168587765,0.46222768501613376,0.07952128470319239,0.000406233158737774,4.230083393671246e-05,1.1824876420004328e-15
164,6.678751734876261e-16,6.678751734876261e-16,6.678751734876261e-16,4.389009583199924e-05,0.00018786559508873142,0.15347868538388446,0.8339926777925458,0.012106364667392488,0.00016664418131941654,2.3872283934366014e-05,6.678751734876261e-16
165,6.231254063939243e-16,6.231254063939243e-16,6.231254063939243e-16,0.00010669957782353228,0.0011219579956511297,0.10984018928671119,0.8439687502176422,0.044786154858882994,0.00015398662848764861,2.2261434798804632e-05,6.231254063939243e-16
166,1.7243729440904182e-15,1.7243729440904182e-15,1.7243729440904182e-15,0.00012610155669986943,0.005604403328273149,0.17092829470286308,0.7993356550949161,0.021350810372976786,0.002313457175692169,0.00034127776857209374,1.7243729440904182e-15
